spruce_watershed.txt
ncols 519
nrows 262
xllcorner 0.0
yllcorner 0.0
cellsize 10.0
[rows 170 to 186 of 262, columns 222 to 258 of 519]
2.108625244140625000e+03 2.103768554687500000e+03 2.097512695312500000e+03 2.091478515625000000e+03 2.085590332031250000e+03 2.080656494140625000e+03 2.076828369140625000e+03 2.071915039062500000e+03 2.067360351562500000e+03 2.064386718750000000e+03 2.063405761718750000e+03 2.063317871093750000e+03 2.063690429687500000e+03 2.064298095703125000e+03 2.065222656250000000e+03 2.065770507812500000e+03 2.067330810546875000e+03 2.070241943359375000e+03 2.074174804687500000e+03 2.077963134765625000e+03 2.081690185546875000e+03 2.085233154296875000e+03 2.088734863281250000e+03 2.093047119140625000e+03 2.096892089843750000e+03 2.099141357421875000e+03 2.101974853515625000e+03 2.105322753906250000e+03 2.108340087890625000e+03 2.111751953125000000e+03 2.116194580078125000e+03 2.120763916015625000e+03 2.125029052734375000e+03 2.128841552734375000e+03 2.132602539062500000e+03 2.137031982421875000e+03 2.142370117187500000e+03
2.113859375000000000e+03 2.108158447265625000e+03 2.101749511718750000e+03 2.095853515625000000e+03 2.091058837890625000e+03 2.087633056640625000e+03 2.084319824218750000e+03 2.078383789062500000e+03 2.073470947265625000e+03 2.069673583984375000e+03 2.065562500000000000e+03 2.062418945312500000e+03 2.061120849609375000e+03 2.062027099609375000e+03 2.062636718750000000e+03 2.062771728515625000e+03 2.063292724609375000e+03 2.065423095703125000e+03 2.069139160156250000e+03 2.072604248046875000e+03 2.075971679687500000e+03 2.079041259765625000e+03 2.081881591796875000e+03 2.085341064453125000e+03 2.088709472656250000e+03 2.092141601562500000e+03 2.095779052734375000e+03 2.098513671875000000e+03 2.102504394531250000e+03 2.107848632812500000e+03 2.113690673828125000e+03 2.118896240234375000e+03 2.122862548828125000e+03 2.126413330078125000e+03 2.130426269531250000e+03 2.135617919921875000e+03 2.142115478515625000e+03
2.118449951171875000e+03 2.111770751953125000e+03 2.106048095703125000e+03 2.101183349609375000e+03 2.097982910156250000e+03 2.095333251953125000e+03 2.089591552734375000e+03 2.084183105468750000e+03 2.080074951171875000e+03 2.075297363281250000e+03 2.070219970703125000e+03 2.064813720703125000e+03 2.060220214843750000e+03 2.059670410156250000e+03 2.060561035156250000e+03 2.060703369140625000e+03 2.060385742187500000e+03 2.060967041015625000e+03 2.063819824218750000e+03 2.067235107421875000e+03 2.070250976562500000e+03 2.072941650390625000e+03 2.076052490234375000e+03 2.079434326171875000e+03 2.082632568359375000e+03 2.085675292968750000e+03 2.089334960937500000e+03 2.093657714843750000e+03 2.099207763671875000e+03 2.104838134765625000e+03 2.110460693359375000e+03 2.115899902343750000e+03 2.120191162109375000e+03 2.123731445312500000e+03 2.128051269531250000e+03 2.134113037109375000e+03 2.140270751953125000e+03
2.123578613281250000e+03 2.116588623046875000e+03 2.111677734375000000e+03 2.107978271484375000e+03 2.105770507812500000e+03 2.103895263671875000e+03 2.098287109375000000e+03 2.092005126953125000e+03 2.086568603515625000e+03 2.080791503906250000e+03 2.075345947265625000e+03 2.069170166015625000e+03 2.061665527343750000e+03 2.058213134765625000e+03 2.058213134765625000e+03 2.058654541015625000e+03 2.058453125000000000e+03 2.058102783203125000e+03 2.058897460937500000e+03 2.062023681640625000e+03 2.065411621093750000e+03 2.068196777343750000e+03 2.071444091796875000e+03 2.074462646484375000e+03 2.077009521484375000e+03 2.080245849609375000e+03 2.085116210937500000e+03 2.090523925781250000e+03 2.096093505859375000e+03 2.101775634765625000e+03 2.107028320312500000e+03 2.112094970703125000e+03 2.116350341796875000e+03 2.119619140625000000e+03 2.124689453125000000e+03 2.130424804687500000e+03 2.135176757812500000e+03
2.128974121093750000e+03 2.123368896484375000e+03 2.119086181640625000e+03 2.115652832031250000e+03 2.113408447265625000e+03 2.110374511718750000e+03 2.105554199218750000e+03 2.099892333984375000e+03 2.093104736328125000e+03 2.087886230468750000e+03 2.082310058593750000e+03 2.074039062500000000e+03 2.066021972656250000e+03 2.059401367187500000e+03 2.056147949218750000e+03 2.055751464843750000e+03 2.056182373046875000e+03 2.056367187500000000e+03 2.056133056640625000e+03 2.058309814453125000e+03 2.061398681640625000e+03 2.064072753906250000e+03 2.066746582031250000e+03 2.069240234375000000e+03 2.072137939453125000e+03 2.076529541015625000e+03 2.081671630859375000e+03 2.086873291015625000e+03 2.092105712890625000e+03 2.097289794921875000e+03 2.102345947265625000e+03 2.107048583984375000e+03 2.110827880859375000e+03 2.114564208984375000e+03 2.119737060546875000e+03 2.125104980468750000e+03 2.130403076171875000e+03
2.136046142578125000e+03 2.131728027343750000e+03 2.127551513671875000e+03 2.123763671875000000e+03 2.120161621093750000e+03 2.115682128906250000e+03 2.110983154296875000e+03 2.105910400390625000e+03 2.100342529296875000e+03 2.095141357421875000e+03 2.086942626953125000e+03 2.078893310546875000e+03 2.070815429687500000e+03 2.064147705078125000e+03 2.058696044921875000e+03 2.054836181640625000e+03 2.053782714843750000e+03 2.053782714843750000e+03 2.053871582031250000e+03 2.055018554687500000e+03 2.057600830078125000e+03 2.059872558593750000e+03 2.061796386718750000e+03 2.064246337890625000e+03 2.068325683593750000e+03 2.072892822265625000e+03 2.077541259765625000e+03 2.082586914062500000e+03 2.087723632812500000e+03 2.092954345703125000e+03 2.097526367187500000e+03 2.101332519531250000e+03 2.104865478515625000e+03 2.109576660156250000e+03 2.114321044921875000e+03 2.119933593750000000e+03 2.125069335937500000e+03
2.143023437500000000e+03 2.138865234375000000e+03 2.134426757812500000e+03 2.129900878906250000e+03 2.124956054687500000e+03 2.119716796875000000e+03 2.114644287109375000e+03 2.109543945312500000e+03 2.104191650390625000e+03 2.098206298828125000e+03 2.092016601562500000e+03 2.085741455078125000e+03 2.077559570312500000e+03 2.069748779296875000e+03 2.064554931640625000e+03 2.059549316406250000e+03 2.054520263671875000e+03 2.051902099609375000e+03 2.051351562500000000e+03 2.051917968750000000e+03 2.053497314453125000e+03 2.055645751953125000e+03 2.057437255859375000e+03 2.060222167968750000e+03 2.064425781250000000e+03 2.068775634765625000e+03 2.073204833984375000e+03 2.077720947265625000e+03 2.082342041015625000e+03 2.087498779296875000e+03 2.091467041015625000e+03 2.094887695312500000e+03 2.099668945312500000e+03 2.104711181640625000e+03 2.108523925781250000e+03 2.112730224609375000e+03 2.117406250000000000e+03
2.145186035156250000e+03 2.141111328125000000e+03 2.137001464843750000e+03 2.132719238281250000e+03 2.127747558593750000e+03 2.122202392578125000e+03 2.116984863281250000e+03 2.111611816406250000e+03 2.106191162109375000e+03 2.100155029296875000e+03 2.093804199218750000e+03 2.087712890625000000e+03 2.080725830078125000e+03 2.074123046875000000e+03 2.069297607421875000e+03 2.063524169921875000e+03 2.057352783203125000e+03 2.052844238281250000e+03 2.050360839843750000e+03 2.049437011718750000e+03 2.049928710937500000e+03 2.051834716796875000e+03 2.053564941406250000e+03 2.056217041015625000e+03 2.060099121093750000e+03 2.064421875000000000e+03 2.068685546875000000e+03 2.072678710937500000e+03 2.076568847656250000e+03 2.080730712890625000e+03 2.084978027343750000e+03 2.089923339843750000e+03 2.094944580078125000e+03 2.098755126953125000e+03 2.101823242187500000e+03 2.106156738281250000e+03 2.111709716796875000e+03
2.142799560546875000e+03 2.139071289062500000e+03 2.135614013671875000e+03 2.132473388671875000e+03 2.128944091796875000e+03 2.123558349609375000e+03 2.118026611328125000e+03 2.112252441406250000e+03 2.106439208984375000e+03 2.100599609375000000e+03 2.095136474609375000e+03 2.089362060546875000e+03 2.083781005859375000e+03 2.078525878906250000e+03 2.073443359375000000e+03 2.067845947265625000e+03 2.061116455078125000e+03 2.055464599609375000e+03 2.051074951171875000e+03 2.048772949218750000e+03 2.047590454101562500e+03 2.048376708984375000e+03 2.049860839843750000e+03 2.051724853515625000e+03 2.055381103515625000e+03 2.059811523437500000e+03 2.064085693359375000e+03 2.067978027343750000e+03 2.071939941406250000e+03 2.075963867187500000e+03 2.080092285156250000e+03 2.084886718750000000e+03 2.089028564453125000e+03 2.092155029296875000e+03 2.095372802734375000e+03 2.101428955078125000e+03 2.109832275390625000e+03
2.139380859375000000e+03 2.135647705078125000e+03 2.132130126953125000e+03 2.129101806640625000e+03 2.126275146484375000e+03 2.122824218750000000e+03 2.118671142578125000e+03 2.113868408203125000e+03 2.108536132812500000e+03 2.103722167968750000e+03 2.099054931640625000e+03 2.092848876953125000e+03 2.086464355468750000e+03 2.081213378906250000e+03 2.076150878906250000e+03 2.070563476562500000e+03 2.064119628906250000e+03 2.058367919921875000e+03 2.052915039062500000e+03 2.048740722656250000e+03 2.046638061523437500e+03 2.046223754882812500e+03 2.046505981445312500e+03 2.047092407226562500e+03 2.049890136718750000e+03 2.054373046875000000e+03 2.059341308593750000e+03 2.063729003906250000e+03 2.067766601562500000e+03 2.071540039062500000e+03 2.075528320312500000e+03 2.079645263671875000e+03 2.083094238281250000e+03 2.086266845703125000e+03 2.089989013671875000e+03 2.094740722656250000e+03 2.101564697265625000e+03
2.136546875000000000e+03 2.132191162109375000e+03 2.128319335937500000e+03 2.125044433593750000e+03 2.122451904296875000e+03 2.119785400390625000e+03 2.116728271484375000e+03 2.112838378906250000e+03 2.108015136718750000e+03 2.103707275390625000e+03 2.099563476562500000e+03 2.093379882812500000e+03 2.087049316406250000e+03 2.081774169921875000e+03 2.076471923828125000e+03 2.070909423828125000e+03 2.065311767578125000e+03 2.059875732421875000e+03 2.054727294921875000e+03 2.050029785156250000e+03 2.046760009765625000e+03 2.045181762695312500e+03 2.045045776367187500e+03 2.044713378906250000e+03 2.045021240234375000e+03 2.048487548828125000e+03 2.054426757812500000e+03 2.059396240234375000e+03 2.063762207031250000e+03 2.067733642578125000e+03 2.071420898437500000e+03 2.074656005859375000e+03 2.077735839843750000e+03 2.081446044921875000e+03 2.085579589843750000e+03 2.090110107421875000e+03 2.095156738281250000e+03
2.132908447265625000e+03 2.128180419921875000e+03 2.124333740234375000e+03 2.120798339843750000e+03 2.117575927734375000e+03 2.114401367187500000e+03 2.111413085937500000e+03 2.108092285156250000e+03 2.104134521484375000e+03 2.100390869140625000e+03 2.096360839843750000e+03 2.091906982421875000e+03 2.087054687500000000e+03 2.081737792968750000e+03 2.076314453125000000e+03 2.071132568359375000e+03 2.065815429687500000e+03 2.060440673828125000e+03 2.055522705078125000e+03 2.051274902343750000e+03 2.048071044921875000e+03 2.045340209960937500e+03 2.043788818359375000e+03 2.043480590820312500e+03 2.043009399414062500e+03 2.044265258789062500e+03 2.049990234375000000e+03 2.055489013671875000e+03 2.060078613281250000e+03 2.063827880859375000e+03 2.066729003906250000e+03 2.070034667968750000e+03 2.073822021484375000e+03 2.077895263671875000e+03 2.082033447265625000e+03 2.086526611328125000e+03 2.091098144531250000e+03
2.127267089843750000e+03 2.123974121093750000e+03 2.120718505859375000e+03 2.116929199218750000e+03 2.112681152343750000e+03 2.109194335937500000e+03 2.106116699218750000e+03 2.102914794921875000e+03 2.099538574218750000e+03 2.096324462890625000e+03 2.092805908203125000e+03 2.089260986328125000e+03 2.085304931640625000e+03 2.080734130859375000e+03 2.075997314453125000e+03 2.071349121093750000e+03 2.066438476562500000e+03 2.060864257812500000e+03 2.055788818359375000e+03 2.051662109375000000e+03 2.048111083984375000e+03 2.045055908203125000e+03 2.043054199218750000e+03 2.042091796875000000e+03 2.041472045898437500e+03 2.041985839843750000e+03 2.045774291992187500e+03 2.050784912109375000e+03 2.054583251953125000e+03 2.058174560546875000e+03 2.062188964843750000e+03 2.066785644531250000e+03 2.071251464843750000e+03 2.075268798828125000e+03 2.079296386718750000e+03 2.083505615234375000e+03 2.087868896484375000e+03
2.122963378906250000e+03 2.119482910156250000e+03 2.115854736328125000e+03 2.111220458984375000e+03 2.107344726562500000e+03 2.104583251953125000e+03 2.101760986328125000e+03 2.098923828125000000e+03 2.095523681640625000e+03 2.092203125000000000e+03 2.088736328125000000e+03 2.085671630859375000e+03 2.082729492187500000e+03 2.079169921875000000e+03 2.075214355468750000e+03 2.071158935546875000e+03 2.066822998046875000e+03 2.061691406250000000e+03 2.056936523437500000e+03 2.052697753906250000e+03 2.048412597656250000e+03 2.044297973632812500e+03 2.041728149414062500e+03 2.041287353515625000e+03 2.040318359375000000e+03 2.039503540039062500e+03 2.041716308593750000e+03 2.046053710937500000e+03 2.049986816406250000e+03 2.054503417968750000e+03 2.059395996093750000e+03 2.064012207031250000e+03 2.068272705078125000e+03 2.072382324218750000e+03 2.076411865234375000e+03 2.080551025390625000e+03 2.085020996093750000e+03
2.119974609375000000e+03 2.115912597656250000e+03 2.111258056640625000e+03 2.106705810546875000e+03 2.102749023437500000e+03 2.099610595703125000e+03 2.096823730468750000e+03 2.094066162109375000e+03 2.091071289062500000e+03 2.088168701171875000e+03 2.084659912109375000e+03 2.081602050781250000e+03 2.078946044921875000e+03 2.076295898437500000e+03 2.073342041015625000e+03 2.069941162109375000e+03 2.066438232421875000e+03 2.062833496093750000e+03 2.058981933593750000e+03 2.054199462890625000e+03 2.049703613281250000e+03 2.045129394531250000e+03 2.040971679687500000e+03 2.039862548828125000e+03 2.039877319335937500e+03 2.038287353515625000e+03 2.038891967773437500e+03 2.042970703125000000e+03 2.047103881835937500e+03 2.051825439453125000e+03 2.056458251953125000e+03 2.060722412109375000e+03 2.064994873046875000e+03 2.069167724609375000e+03 2.073302246093750000e+03 2.077558105468750000e+03 2.082102783203125000e+03
2.117010498046875000e+03 2.113022216796875000e+03 2.108588867187500000e+03 2.104101806640625000e+03 2.099375000000000000e+03 2.094944824218750000e+03 2.090929931640625000e+03 2.087803955078125000e+03 2.085697998046875000e+03 2.083799072265625000e+03 2.081024414062500000e+03 2.078043212890625000e+03 2.075229003906250000e+03 2.072586669921875000e+03 2.070109863281250000e+03 2.067324951171875000e+03 2.064418212890625000e+03 2.061399658203125000e+03 2.058324951171875000e+03 2.055049072265625000e+03 2.052006103515625000e+03 2.047097656250000000e+03 2.041492309570312500e+03 2.038397460937500000e+03 2.038274536132812500e+03 2.037494384765625000e+03 2.036505859375000000e+03 2.039294189453125000e+03 2.044298217773437500e+03 2.048961669921875000e+03 2.053190917968750000e+03 2.057377929687500000e+03 2.061565429687500000e+03 2.065783447265625000e+03 2.070132080078125000e+03 2.074517333984375000e+03 2.079052734375000000e+03
2.114029785156250000e+03 2.109358154296875000e+03 2.105109130859375000e+03 2.101313720703125000e+03 2.096346679687500000e+03 2.091771972656250000e+03 2.087402587890625000e+03 2.083273437500000000e+03 2.080222412109375000e+03 2.078957519531250000e+03 2.077215087890625000e+03 2.074346923828125000e+03 2.071702636718750000e+03 2.069045654296875000e+03 2.066632812500000000e+03 2.064180175781250000e+03 2.061524902343750000e+03 2.058746582031250000e+03 2.055979980468750000e+03 2.053593017578125000e+03 2.051668457031250000e+03 2.048459228515625000e+03 2.041929199218750000e+03 2.037541625976562500e+03 2.036486083984375000e+03 2.035666625976562500e+03 2.034601562500000000e+03 2.035413208007812500e+03 2.040833007812500000e+03 2.045833007812500000e+03 2.050139404296875000e+03 2.054384277343750000e+03 2.058476562500000000e+03 2.062760009765625000e+03 2.067189697265625000e+03 2.071592041015625000e+03 2.075964355468750000e+03
