spruce_watershed.txt
ncols 519
nrows 262
xllcorner 0.0
yllcorner 0.0
cellsize 10.0
[rows 119 to 135 of 262, columns 74 to 110 of 519]
2.416682617187500000e+03 2.414558593750000000e+03 2.412699218750000000e+03 2.413459716796875000e+03 2.415212890625000000e+03 2.416136230468750000e+03 2.417536376953125000e+03 2.418805419921875000e+03 2.419033691406250000e+03 2.417876220703125000e+03 2.415282714843750000e+03 2.413232177734375000e+03 2.412087402343750000e+03 2.410583740234375000e+03 2.407914306640625000e+03 2.405077880859375000e+03 2.402509033203125000e+03 2.399660644531250000e+03 2.396969970703125000e+03 2.395550537109375000e+03 2.395570312500000000e+03 2.395599365234375000e+03 2.395801269531250000e+03 2.396078857421875000e+03 2.395875976562500000e+03 2.395772949218750000e+03 2.395375488281250000e+03 2.394366455078125000e+03 2.392824951171875000e+03 2.390466552734375000e+03 2.387470947265625000e+03 2.384972167968750000e+03 2.383294189453125000e+03 2.381650390625000000e+03 2.379864013671875000e+03 2.378561035156250000e+03 2.376723144531250000e+03
2.412571044921875000e+03 2.410361328125000000e+03 2.408334960937500000e+03 2.408333251953125000e+03 2.409843261718750000e+03 2.410832031250000000e+03 2.412302978515625000e+03 2.414312988281250000e+03 2.413439208984375000e+03 2.411647216796875000e+03 2.409325683593750000e+03 2.407373291015625000e+03 2.406527832031250000e+03 2.405273681640625000e+03 2.402832275390625000e+03 2.400069580078125000e+03 2.397779785156250000e+03 2.394804931640625000e+03 2.391699951171875000e+03 2.389916748046875000e+03 2.389719726562500000e+03 2.389882812500000000e+03 2.389920654296875000e+03 2.390365478515625000e+03 2.390658935546875000e+03 2.390843505859375000e+03 2.390708496093750000e+03 2.390026855468750000e+03 2.388835693359375000e+03 2.386534179687500000e+03 2.383399414062500000e+03 2.379848144531250000e+03 2.377325927734375000e+03 2.375764160156250000e+03 2.373753417968750000e+03 2.371577148437500000e+03 2.369615234375000000e+03
2.409007568359375000e+03 2.406865722656250000e+03 2.404233398437500000e+03 2.403832763671875000e+03 2.404627685546875000e+03 2.404934082031250000e+03 2.405446533203125000e+03 2.406530273437500000e+03 2.406606933593750000e+03 2.405181396484375000e+03 2.403342529296875000e+03 2.401928955078125000e+03 2.401334960937500000e+03 2.400478027343750000e+03 2.398979492187500000e+03 2.396300292968750000e+03 2.392553466796875000e+03 2.389270263671875000e+03 2.386611816406250000e+03 2.384574462890625000e+03 2.383863281250000000e+03 2.384098144531250000e+03 2.384244384765625000e+03 2.384913818359375000e+03 2.385802978515625000e+03 2.386322753906250000e+03 2.386342041015625000e+03 2.385912109375000000e+03 2.384979003906250000e+03 2.382702880859375000e+03 2.379807373046875000e+03 2.376007568359375000e+03 2.372089355468750000e+03 2.369848632812500000e+03 2.368097900390625000e+03 2.365710937500000000e+03 2.363348144531250000e+03
2.405312988281250000e+03 2.403636962890625000e+03 2.400785156250000000e+03 2.399722167968750000e+03 2.399489013671875000e+03 2.398756103515625000e+03 2.398406982421875000e+03 2.398297363281250000e+03 2.397753173828125000e+03 2.396596923828125000e+03 2.396292968750000000e+03 2.396206787109375000e+03 2.395434814453125000e+03 2.394134277343750000e+03 2.393052978515625000e+03 2.391488037109375000e+03 2.387893798828125000e+03 2.384822753906250000e+03 2.381881835937500000e+03 2.379452880859375000e+03 2.378423828125000000e+03 2.378693115234375000e+03 2.379055175781250000e+03 2.380122070312500000e+03 2.381543212890625000e+03 2.382330810546875000e+03 2.382447021484375000e+03 2.381805419921875000e+03 2.380625488281250000e+03 2.378960937500000000e+03 2.376403076171875000e+03 2.373053222656250000e+03 2.368680908203125000e+03 2.364913818359375000e+03 2.362684082031250000e+03 2.360571533203125000e+03 2.357973632812500000e+03
2.401001953125000000e+03 2.399897705078125000e+03 2.398130859375000000e+03 2.396020019531250000e+03 2.394401367187500000e+03 2.392592285156250000e+03 2.392606201171875000e+03 2.392167724609375000e+03 2.391642578125000000e+03 2.391450683593750000e+03 2.391314453125000000e+03 2.390873779296875000e+03 2.389952148437500000e+03 2.388541748046875000e+03 2.386888916015625000e+03 2.384989990234375000e+03 2.382659423828125000e+03 2.380251953125000000e+03 2.377677734375000000e+03 2.375491455078125000e+03 2.374392089843750000e+03 2.374699951171875000e+03 2.375176025390625000e+03 2.376471435546875000e+03 2.378042236328125000e+03 2.379015869140625000e+03 2.378827392578125000e+03 2.377869384765625000e+03 2.376648925781250000e+03 2.375143554687500000e+03 2.373112792968750000e+03 2.370776367187500000e+03 2.367298583984375000e+03 2.363021972656250000e+03 2.358884765625000000e+03 2.356099853515625000e+03 2.353434082031250000e+03
2.397083007812500000e+03 2.396239257812500000e+03 2.395325927734375000e+03 2.393193115234375000e+03 2.390992187500000000e+03 2.389238525390625000e+03 2.388947509765625000e+03 2.388142578125000000e+03 2.387548583984375000e+03 2.387470947265625000e+03 2.386985595703125000e+03 2.386250488281250000e+03 2.385269775390625000e+03 2.384080078125000000e+03 2.382717285156250000e+03 2.380945556640625000e+03 2.378797607421875000e+03 2.376418212890625000e+03 2.374172363281250000e+03 2.372502441406250000e+03 2.370796875000000000e+03 2.370800048828125000e+03 2.371816650390625000e+03 2.373562011718750000e+03 2.375153564453125000e+03 2.375841552734375000e+03 2.375095947265625000e+03 2.373901855468750000e+03 2.372519775390625000e+03 2.370977539062500000e+03 2.369434326171875000e+03 2.367617187500000000e+03 2.365194580078125000e+03 2.362474365234375000e+03 2.358863037109375000e+03 2.354871582031250000e+03 2.351322753906250000e+03
2.393144531250000000e+03 2.392017089843750000e+03 2.390731689453125000e+03 2.389074218750000000e+03 2.387446533203125000e+03 2.386547607421875000e+03 2.386186767578125000e+03 2.384702392578125000e+03 2.384113769531250000e+03 2.383756347656250000e+03 2.383054687500000000e+03 2.382295410156250000e+03 2.381325439453125000e+03 2.380164794921875000e+03 2.378784667968750000e+03 2.377097656250000000e+03 2.375233886718750000e+03 2.373005371093750000e+03 2.370849609375000000e+03 2.369427734375000000e+03 2.367743408203125000e+03 2.367294433593750000e+03 2.368569335937500000e+03 2.370246093750000000e+03 2.371443603515625000e+03 2.371289062500000000e+03 2.370801513671875000e+03 2.369770996093750000e+03 2.368287597656250000e+03 2.366911865234375000e+03 2.365474121093750000e+03 2.363461425781250000e+03 2.360885742187500000e+03 2.358533935546875000e+03 2.356584960937500000e+03 2.353130615234375000e+03 2.348727783203125000e+03
2.389175781250000000e+03 2.387947753906250000e+03 2.386961914062500000e+03 2.385766601562500000e+03 2.384547119140625000e+03 2.383292480468750000e+03 2.382114501953125000e+03 2.381692871093750000e+03 2.381414794921875000e+03 2.380658203125000000e+03 2.379619384765625000e+03 2.378775634765625000e+03 2.377982177734375000e+03 2.376783203125000000e+03 2.375331787109375000e+03 2.373718017578125000e+03 2.372108642578125000e+03 2.370228759765625000e+03 2.368175048828125000e+03 2.366549072265625000e+03 2.365007080078125000e+03 2.363813964843750000e+03 2.364811035156250000e+03 2.366431396484375000e+03 2.367803710937500000e+03 2.367479492187500000e+03 2.367023925781250000e+03 2.366081298828125000e+03 2.364158691406250000e+03 2.362537597656250000e+03 2.361672607421875000e+03 2.359478027343750000e+03 2.356757324218750000e+03 2.353822265625000000e+03 2.351607421875000000e+03 2.349015625000000000e+03 2.343532226562500000e+03
2.386133789062500000e+03 2.385281250000000000e+03 2.384428222656250000e+03 2.383257324218750000e+03 2.382162597656250000e+03 2.381159667968750000e+03 2.379665039062500000e+03 2.378662597656250000e+03 2.378515380859375000e+03 2.377867675781250000e+03 2.377064941406250000e+03 2.376379150390625000e+03 2.375496582031250000e+03 2.374191650390625000e+03 2.372511230468750000e+03 2.370441894531250000e+03 2.368669677734375000e+03 2.366833984375000000e+03 2.364798583984375000e+03 2.363069824218750000e+03 2.361711914062500000e+03 2.359828613281250000e+03 2.360036865234375000e+03 2.361213867187500000e+03 2.362255126953125000e+03 2.362755859375000000e+03 2.362387207031250000e+03 2.361526855468750000e+03 2.359812255859375000e+03 2.357227783203125000e+03 2.356231689453125000e+03 2.354540771484375000e+03 2.350969238281250000e+03 2.348674804687500000e+03 2.346317382812500000e+03 2.343712890625000000e+03 2.339771728515625000e+03
2.383635498046875000e+03 2.382842041015625000e+03 2.381860595703125000e+03 2.380585693359375000e+03 2.379504638671875000e+03 2.378624511718750000e+03 2.377624511718750000e+03 2.376212890625000000e+03 2.375578369140625000e+03 2.375659667968750000e+03 2.375067382812500000e+03 2.373949218750000000e+03 2.372652099609375000e+03 2.371256591796875000e+03 2.369427490234375000e+03 2.367065429687500000e+03 2.364632080078125000e+03 2.362589599609375000e+03 2.360947998046875000e+03 2.359532226562500000e+03 2.358196777343750000e+03 2.356375000000000000e+03 2.355757812500000000e+03 2.356715820312500000e+03 2.357396728515625000e+03 2.358466064453125000e+03 2.358348876953125000e+03 2.357174072265625000e+03 2.355735595703125000e+03 2.352396484375000000e+03 2.348966552734375000e+03 2.346556152343750000e+03 2.344723876953125000e+03 2.342902832031250000e+03 2.341186523437500000e+03 2.338953613281250000e+03 2.335569091796875000e+03
2.381401367187500000e+03 2.380496582031250000e+03 2.379382080078125000e+03 2.378049804687500000e+03 2.377097900390625000e+03 2.376435058593750000e+03 2.375728515625000000e+03 2.374683593750000000e+03 2.373477050781250000e+03 2.373502929687500000e+03 2.372722900390625000e+03 2.370934082031250000e+03 2.369284179687500000e+03 2.367899169921875000e+03 2.366106445312500000e+03 2.363671386718750000e+03 2.360994140625000000e+03 2.358402587890625000e+03 2.356661376953125000e+03 2.355567382812500000e+03 2.354605712890625000e+03 2.352843261718750000e+03 2.351107421875000000e+03 2.351912841796875000e+03 2.352413085937500000e+03 2.353278808593750000e+03 2.353335693359375000e+03 2.352340576171875000e+03 2.351277343750000000e+03 2.348118652343750000e+03 2.344339355468750000e+03 2.341318115234375000e+03 2.338924804687500000e+03 2.336813232421875000e+03 2.335211669921875000e+03 2.332762939453125000e+03 2.330371826171875000e+03
2.378874267578125000e+03 2.377773681640625000e+03 2.376835693359375000e+03 2.375717285156250000e+03 2.374459472656250000e+03 2.373578613281250000e+03 2.372760253906250000e+03 2.372007568359375000e+03 2.370999755859375000e+03 2.370624755859375000e+03 2.369408935546875000e+03 2.367304687500000000e+03 2.365634521484375000e+03 2.364093994140625000e+03 2.362086914062500000e+03 2.359628906250000000e+03 2.357117431640625000e+03 2.354452392578125000e+03 2.352103027343750000e+03 2.350676513671875000e+03 2.350239990234375000e+03 2.349703125000000000e+03 2.347586669921875000e+03 2.346909667968750000e+03 2.346330566406250000e+03 2.345612060546875000e+03 2.345829101562500000e+03 2.346389160156250000e+03 2.346060791015625000e+03 2.344685546875000000e+03 2.341020996093750000e+03 2.336876953125000000e+03 2.333641845703125000e+03 2.331221923828125000e+03 2.329244873046875000e+03 2.326969970703125000e+03 2.324971435546875000e+03
2.375947753906250000e+03 2.374834228515625000e+03 2.374127929687500000e+03 2.373086425781250000e+03 2.371511718750000000e+03 2.370308593750000000e+03 2.369111572265625000e+03 2.368206542968750000e+03 2.366865722656250000e+03 2.366504882812500000e+03 2.365317382812500000e+03 2.363420654296875000e+03 2.362015380859375000e+03 2.360478027343750000e+03 2.358258300781250000e+03 2.355752685546875000e+03 2.353378662109375000e+03 2.350989746093750000e+03 2.348950927734375000e+03 2.347981689453125000e+03 2.346687988281250000e+03 2.345854003906250000e+03 2.345348388671875000e+03 2.343151367187500000e+03 2.340609619140625000e+03 2.339166748046875000e+03 2.339614746093750000e+03 2.340827392578125000e+03 2.341054687500000000e+03 2.340077392578125000e+03 2.336981201171875000e+03 2.333308837890625000e+03 2.329591064453125000e+03 2.326303222656250000e+03 2.323715820312500000e+03 2.321418701171875000e+03 2.319438232421875000e+03
2.372418457031250000e+03 2.371448242187500000e+03 2.370545410156250000e+03 2.369472412109375000e+03 2.368123291015625000e+03 2.366848632812500000e+03 2.365446533203125000e+03 2.364131835937500000e+03 2.362715820312500000e+03 2.361688720703125000e+03 2.360614746093750000e+03 2.359126464843750000e+03 2.357863037109375000e+03 2.356408447265625000e+03 2.354819580078125000e+03 2.352907470703125000e+03 2.351266601562500000e+03 2.350229980468750000e+03 2.349631591796875000e+03 2.349017089843750000e+03 2.347926269531250000e+03 2.345493652343750000e+03 2.343277343750000000e+03 2.340977783203125000e+03 2.337801269531250000e+03 2.334914062500000000e+03 2.334381347656250000e+03 2.335820556640625000e+03 2.336235839843750000e+03 2.335810791015625000e+03 2.333740966796875000e+03 2.330206542968750000e+03 2.325617919921875000e+03 2.321214111328125000e+03 2.317722656250000000e+03 2.315315185546875000e+03 2.313164550781250000e+03
2.371954589843750000e+03 2.370453613281250000e+03 2.369226806640625000e+03 2.368369873046875000e+03 2.367801269531250000e+03 2.366623291015625000e+03 2.365044677734375000e+03 2.364001464843750000e+03 2.363087890625000000e+03 2.362367675781250000e+03 2.361534912109375000e+03 2.359974365234375000e+03 2.357652587890625000e+03 2.356087158203125000e+03 2.354646728515625000e+03 2.353489746093750000e+03 2.353339843750000000e+03 2.353414794921875000e+03 2.353000488281250000e+03 2.352147705078125000e+03 2.351823242187500000e+03 2.350124511718750000e+03 2.347309570312500000e+03 2.344096923828125000e+03 2.340692871093750000e+03 2.336593261718750000e+03 2.332940673828125000e+03 2.331007812500000000e+03 2.330913330078125000e+03 2.330768310546875000e+03 2.329308593750000000e+03 2.325770019531250000e+03 2.321080078125000000e+03 2.316977050781250000e+03 2.315069335937500000e+03 2.313648925781250000e+03 2.311531738281250000e+03
2.376713378906250000e+03 2.375183349609375000e+03 2.373619384765625000e+03 2.373434570312500000e+03 2.373182617187500000e+03 2.371963378906250000e+03 2.370041992187500000e+03 2.368378173828125000e+03 2.367069091796875000e+03 2.365809082031250000e+03 2.364921630859375000e+03 2.364003662109375000e+03 2.362582275390625000e+03 2.360888916015625000e+03 2.358937988281250000e+03 2.358102294921875000e+03 2.358124267578125000e+03 2.358674316406250000e+03 2.358619384765625000e+03 2.357862304687500000e+03 2.357037841796875000e+03 2.356152099609375000e+03 2.354029785156250000e+03 2.350601318359375000e+03 2.345906982421875000e+03 2.340888671875000000e+03 2.335854003906250000e+03 2.331604736328125000e+03 2.327883789062500000e+03 2.326379394531250000e+03 2.325068603515625000e+03 2.322236572265625000e+03 2.319165771484375000e+03 2.318819580078125000e+03 2.320661865234375000e+03 2.319882568359375000e+03 2.317936279296875000e+03
2.381442382812500000e+03 2.380871826171875000e+03 2.380087158203125000e+03 2.379395263671875000e+03 2.378520996093750000e+03 2.377015625000000000e+03 2.375133544921875000e+03 2.373139160156250000e+03 2.371098876953125000e+03 2.369129638671875000e+03 2.367882080078125000e+03 2.366692138671875000e+03 2.365445068359375000e+03 2.364781494140625000e+03 2.364218750000000000e+03 2.364540039062500000e+03 2.365485351562500000e+03 2.365481445312500000e+03 2.365097167968750000e+03 2.364137939453125000e+03 2.362642578125000000e+03 2.361906982421875000e+03 2.359498291015625000e+03 2.355846679687500000e+03 2.351129150390625000e+03 2.346357666015625000e+03 2.341349121093750000e+03 2.336623535156250000e+03 2.331662597656250000e+03 2.327301269531250000e+03 2.324696289062500000e+03 2.322324462890625000e+03 2.321971679687500000e+03 2.324512207031250000e+03 2.326196289062500000e+03 2.325071289062500000e+03 2.323952880859375000e+03
