spruce_watershed.txt
ncols 519
nrows 262
xllcorner 0.0
yllcorner 0.0
cellsize 10.0
[rows 136 to 152 of 262, columns 148 to 184 of 519]
2.264037841796875000e+03 2.261491943359375000e+03 2.260799804687500000e+03 2.260765136718750000e+03 2.261238281250000000e+03 2.261810791015625000e+03 2.263827636718750000e+03 2.267293457031250000e+03 2.268029052734375000e+03 2.263580566406250000e+03 2.261380615234375000e+03 2.261509765625000000e+03 2.263196044921875000e+03 2.261907958984375000e+03 2.256880126953125000e+03 2.253167236328125000e+03 2.250668212890625000e+03 2.248082519531250000e+03 2.245164306640625000e+03 2.240916503906250000e+03 2.236770751953125000e+03 2.232590332031250000e+03 2.228221679687500000e+03 2.223617187500000000e+03 2.218894042968750000e+03 2.213455810546875000e+03 2.207557373046875000e+03 2.202087402343750000e+03 2.197916992187500000e+03 2.193782470703125000e+03 2.190017578125000000e+03 2.187451416015625000e+03 2.186362792968750000e+03 2.182376220703125000e+03 2.177718261718750000e+03 2.172991943359375000e+03 2.168474365234375000e+03
2.255700683593750000e+03 2.253337158203125000e+03 2.252365966796875000e+03 2.252949707031250000e+03 2.253618408203125000e+03 2.253636962890625000e+03 2.253526855468750000e+03 2.254270507812500000e+03 2.255256835937500000e+03 2.255065673828125000e+03 2.253214111328125000e+03 2.253096679687500000e+03 2.252760009765625000e+03 2.250232910156250000e+03 2.246502929687500000e+03 2.244997558593750000e+03 2.243930908203125000e+03 2.242242187500000000e+03 2.240226074218750000e+03 2.236625976562500000e+03 2.233388427734375000e+03 2.230755126953125000e+03 2.227823242187500000e+03 2.224405029296875000e+03 2.220507568359375000e+03 2.216152832031250000e+03 2.212128906250000000e+03 2.208295654296875000e+03 2.204178710937500000e+03 2.199725097656250000e+03 2.196538085937500000e+03 2.193977050781250000e+03 2.191027343750000000e+03 2.186732177734375000e+03 2.182124023437500000e+03 2.176815917968750000e+03 2.171680908203125000e+03
2.248683349609375000e+03 2.246534423828125000e+03 2.245769042968750000e+03 2.245959228515625000e+03 2.246359863281250000e+03 2.246382080078125000e+03 2.246549804687500000e+03 2.246741699218750000e+03 2.247265136718750000e+03 2.247797363281250000e+03 2.245791992187500000e+03 2.245570800781250000e+03 2.245381835937500000e+03 2.242779296875000000e+03 2.239798339843750000e+03 2.238309326171875000e+03 2.237223144531250000e+03 2.235798339843750000e+03 2.234069091796875000e+03 2.231167480468750000e+03 2.228886962890625000e+03 2.226750000000000000e+03 2.224631835937500000e+03 2.222821777343750000e+03 2.219753417968750000e+03 2.215585205078125000e+03 2.211698974609375000e+03 2.208482666015625000e+03 2.205318847656250000e+03 2.202106933593750000e+03 2.199206542968750000e+03 2.196746093750000000e+03 2.193983642578125000e+03 2.190153076171875000e+03 2.183475097656250000e+03 2.178124755859375000e+03 2.173597412109375000e+03
2.243555175781250000e+03 2.240036132812500000e+03 2.239068847656250000e+03 2.239065185546875000e+03 2.239316650390625000e+03 2.239269775390625000e+03 2.239156982421875000e+03 2.239058349609375000e+03 2.239742187500000000e+03 2.240354492187500000e+03 2.238457519531250000e+03 2.236642333984375000e+03 2.237371826171875000e+03 2.238180419921875000e+03 2.234750000000000000e+03 2.231844482421875000e+03 2.230429931640625000e+03 2.229420898437500000e+03 2.229084960937500000e+03 2.226986083984375000e+03 2.223817382812500000e+03 2.221270996093750000e+03 2.219280273437500000e+03 2.217651367187500000e+03 2.215840576171875000e+03 2.212508544921875000e+03 2.208581298828125000e+03 2.205568847656250000e+03 2.202733886718750000e+03 2.199755126953125000e+03 2.196783691406250000e+03 2.194050292968750000e+03 2.191912597656250000e+03 2.187579833984375000e+03 2.181514648437500000e+03 2.176866210937500000e+03 2.172635742187500000e+03
2.238607910156250000e+03 2.233593017578125000e+03 2.232163818359375000e+03 2.232098144531250000e+03 2.232274414062500000e+03 2.232517333984375000e+03 2.232145751953125000e+03 2.231711181640625000e+03 2.232751464843750000e+03 2.233844726562500000e+03 2.231990722656250000e+03 2.229374023437500000e+03 2.230637695312500000e+03 2.232814941406250000e+03 2.229629150390625000e+03 2.225743164062500000e+03 2.224644775390625000e+03 2.223332275390625000e+03 2.223607421875000000e+03 2.222966064453125000e+03 2.219363525390625000e+03 2.216259033203125000e+03 2.213858154296875000e+03 2.211642578125000000e+03 2.209765136718750000e+03 2.207343750000000000e+03 2.204581542968750000e+03 2.201817871093750000e+03 2.198970947265625000e+03 2.195910888671875000e+03 2.193256835937500000e+03 2.190123046875000000e+03 2.185950195312500000e+03 2.181984375000000000e+03 2.177952148437500000e+03 2.173950195312500000e+03 2.169995117187500000e+03
2.233478027343750000e+03 2.227173828125000000e+03 2.225328125000000000e+03 2.225228515625000000e+03 2.225400390625000000e+03 2.226279541015625000e+03 2.225255126953125000e+03 2.224177978515625000e+03 2.224216308593750000e+03 2.224429687500000000e+03 2.223973388671875000e+03 2.222612548828125000e+03 2.221933593750000000e+03 2.223884765625000000e+03 2.222714599609375000e+03 2.219269042968750000e+03 2.217719970703125000e+03 2.216842529296875000e+03 2.216710693359375000e+03 2.217023193359375000e+03 2.214225585937500000e+03 2.211444335937500000e+03 2.208765136718750000e+03 2.206517333984375000e+03 2.204680175781250000e+03 2.202788085937500000e+03 2.200644287109375000e+03 2.198136962890625000e+03 2.195247802734375000e+03 2.192150878906250000e+03 2.188722167968750000e+03 2.185268554687500000e+03 2.181656494140625000e+03 2.178316162109375000e+03 2.174692138671875000e+03 2.170599365234375000e+03 2.166336181640625000e+03
2.221621337890625000e+03 2.219185058593750000e+03 2.218713867187500000e+03 2.218345458984375000e+03 2.217775390625000000e+03 2.217060791015625000e+03 2.216692871093750000e+03 2.216635253906250000e+03 2.216320556640625000e+03 2.216176269531250000e+03 2.216362304687500000e+03 2.215854980468750000e+03 2.214282470703125000e+03 2.215407470703125000e+03 2.215856689453125000e+03 2.213132812500000000e+03 2.211077880859375000e+03 2.210379882812500000e+03 2.210299804687500000e+03 2.210427490234375000e+03 2.208964599609375000e+03 2.206728027343750000e+03 2.204119628906250000e+03 2.201816406250000000e+03 2.200025390625000000e+03 2.198403564453125000e+03 2.196825195312500000e+03 2.194776611328125000e+03 2.191989257812500000e+03 2.188875488281250000e+03 2.185437255859375000e+03 2.181994873046875000e+03 2.178559082031250000e+03 2.174984863281250000e+03 2.171293701171875000e+03 2.167123779296875000e+03 2.162681152343750000e+03
2.212217773437500000e+03 2.212591552734375000e+03 2.212460693359375000e+03 2.211831054687500000e+03 2.211057861328125000e+03 2.209867187500000000e+03 2.209482177734375000e+03 2.209308349609375000e+03 2.209055908203125000e+03 2.209194091796875000e+03 2.209729492187500000e+03 2.209626953125000000e+03 2.207800781250000000e+03 2.207825195312500000e+03 2.208245605468750000e+03 2.206430908203125000e+03 2.204919189453125000e+03 2.204388427734375000e+03 2.203908691406250000e+03 2.203815429687500000e+03 2.203021972656250000e+03 2.201622802734375000e+03 2.199005859375000000e+03 2.196906982421875000e+03 2.195330322265625000e+03 2.194164306640625000e+03 2.192818603515625000e+03 2.191135742187500000e+03 2.189085205078125000e+03 2.186305908203125000e+03 2.182651123046875000e+03 2.179132324218750000e+03 2.175682128906250000e+03 2.172173095703125000e+03 2.168221435546875000e+03 2.163601318359375000e+03 2.159038330078125000e+03
2.206073974609375000e+03 2.206281005859375000e+03 2.206311035156250000e+03 2.205723876953125000e+03 2.205014892578125000e+03 2.203964843750000000e+03 2.203226074218750000e+03 2.202642578125000000e+03 2.202318603515625000e+03 2.202586669921875000e+03 2.203508056640625000e+03 2.203534912109375000e+03 2.201921386718750000e+03 2.201202880859375000e+03 2.200934082031250000e+03 2.199809570312500000e+03 2.198643798828125000e+03 2.198074707031250000e+03 2.197001708984375000e+03 2.196163574218750000e+03 2.195868408203125000e+03 2.194543457031250000e+03 2.192531005859375000e+03 2.191258300781250000e+03 2.190424804687500000e+03 2.189709472656250000e+03 2.188685791015625000e+03 2.187371582031250000e+03 2.185993896484375000e+03 2.184074462890625000e+03 2.180393554687500000e+03 2.176450927734375000e+03 2.172703125000000000e+03 2.169147460937500000e+03 2.165354248046875000e+03 2.160704345703125000e+03 2.156354980468750000e+03
2.199860351562500000e+03 2.199954345703125000e+03 2.199979736328125000e+03 2.199850830078125000e+03 2.199126220703125000e+03 2.198225830078125000e+03 2.197477050781250000e+03 2.196694824218750000e+03 2.196108398437500000e+03 2.196082275390625000e+03 2.196576416015625000e+03 2.196836914062500000e+03 2.195991699218750000e+03 2.195219238281250000e+03 2.195142333984375000e+03 2.193772705078125000e+03 2.192553222656250000e+03 2.191441406250000000e+03 2.190160156250000000e+03 2.188843261718750000e+03 2.187742431640625000e+03 2.186610107421875000e+03 2.185946289062500000e+03 2.185462158203125000e+03 2.185216796875000000e+03 2.185094970703125000e+03 2.184614990234375000e+03 2.183579345703125000e+03 2.182436523437500000e+03 2.181149658203125000e+03 2.179114501953125000e+03 2.175054443359375000e+03 2.170732910156250000e+03 2.166642089843750000e+03 2.162532714843750000e+03 2.158230224609375000e+03 2.154045410156250000e+03
2.199400146484375000e+03 2.196319824218750000e+03 2.195071044921875000e+03 2.194853759765625000e+03 2.194090087890625000e+03 2.193124755859375000e+03 2.192339843750000000e+03 2.191241455078125000e+03 2.190188232421875000e+03 2.189667724609375000e+03 2.190143554687500000e+03 2.190941894531250000e+03 2.190378173828125000e+03 2.189337890625000000e+03 2.189122558593750000e+03 2.188043212890625000e+03 2.187079589843750000e+03 2.185489990234375000e+03 2.183945312500000000e+03 2.182692626953125000e+03 2.181132812500000000e+03 2.179963134765625000e+03 2.179665771484375000e+03 2.179766357421875000e+03 2.180077636718750000e+03 2.180589599609375000e+03 2.180449951171875000e+03 2.179536376953125000e+03 2.178597412109375000e+03 2.177718505859375000e+03 2.176145996093750000e+03 2.174022705078125000e+03 2.169907226562500000e+03 2.165382080078125000e+03 2.161250244140625000e+03 2.156964599609375000e+03 2.152608642578125000e+03
2.205457275390625000e+03 2.200853027343750000e+03 2.196180175781250000e+03 2.193326416015625000e+03 2.191365234375000000e+03 2.189349121093750000e+03 2.188531005859375000e+03 2.187571533203125000e+03 2.185843750000000000e+03 2.184410888671875000e+03 2.184614501953125000e+03 2.185531250000000000e+03 2.185613525390625000e+03 2.184125976562500000e+03 2.183593750000000000e+03 2.182937500000000000e+03 2.182291015625000000e+03 2.181453613281250000e+03 2.179608886718750000e+03 2.177803710937500000e+03 2.176173583984375000e+03 2.174943847656250000e+03 2.174417968750000000e+03 2.174675781250000000e+03 2.175175537109375000e+03 2.175833984375000000e+03 2.175806396484375000e+03 2.175129638671875000e+03 2.174474853515625000e+03 2.173372314453125000e+03 2.171623046875000000e+03 2.170654541015625000e+03 2.167696044921875000e+03 2.163771728515625000e+03 2.159458984375000000e+03 2.155244384765625000e+03 2.150955566406250000e+03
2.211223144531250000e+03 2.207124511718750000e+03 2.202923339843750000e+03 2.198794677734375000e+03 2.194985595703125000e+03 2.190798339843750000e+03 2.187349365234375000e+03 2.184578613281250000e+03 2.182302001953125000e+03 2.181535888671875000e+03 2.180910400390625000e+03 2.180558105468750000e+03 2.180944824218750000e+03 2.180153808593750000e+03 2.178810302734375000e+03 2.178309814453125000e+03 2.177927246093750000e+03 2.177326904296875000e+03 2.175858154296875000e+03 2.174133789062500000e+03 2.172482177734375000e+03 2.171009765625000000e+03 2.170207519531250000e+03 2.170197753906250000e+03 2.170496582031250000e+03 2.170967529296875000e+03 2.170961669921875000e+03 2.170375976562500000e+03 2.169567138671875000e+03 2.168099121093750000e+03 2.166274902343750000e+03 2.165105957031250000e+03 2.163540771484375000e+03 2.161223632812500000e+03 2.157717041015625000e+03 2.153871826171875000e+03 2.149636230468750000e+03
2.218549072265625000e+03 2.214896484375000000e+03 2.212455810546875000e+03 2.208479980468750000e+03 2.202409423828125000e+03 2.197081542968750000e+03 2.191433837890625000e+03 2.186455810546875000e+03 2.181638427734375000e+03 2.179202636718750000e+03 2.178730468750000000e+03 2.177667968750000000e+03 2.176531982421875000e+03 2.176236328125000000e+03 2.175463867187500000e+03 2.174388671875000000e+03 2.174136230468750000e+03 2.173385742187500000e+03 2.172136962890625000e+03 2.170676513671875000e+03 2.169265380859375000e+03 2.167558837890625000e+03 2.165947265625000000e+03 2.165354003906250000e+03 2.165922851562500000e+03 2.166384033203125000e+03 2.166207519531250000e+03 2.165271484375000000e+03 2.164257812500000000e+03 2.162586669921875000e+03 2.160865478515625000e+03 2.159802734375000000e+03 2.158155517578125000e+03 2.156996093750000000e+03 2.155673828125000000e+03 2.153431884765625000e+03 2.149552490234375000e+03
2.227847167968750000e+03 2.223145751953125000e+03 2.222208740234375000e+03 2.216865234375000000e+03 2.209017578125000000e+03 2.202146972656250000e+03 2.196737060546875000e+03 2.191684570312500000e+03 2.185887451171875000e+03 2.180730712890625000e+03 2.177041015625000000e+03 2.174879882812500000e+03 2.173754394531250000e+03 2.173050781250000000e+03 2.172500488281250000e+03 2.171305175781250000e+03 2.170132568359375000e+03 2.169142822265625000e+03 2.167528076171875000e+03 2.166069824218750000e+03 2.164874511718750000e+03 2.163373291015625000e+03 2.161703369140625000e+03 2.160724609375000000e+03 2.160897216796875000e+03 2.161207031250000000e+03 2.160728515625000000e+03 2.159625976562500000e+03 2.158397216796875000e+03 2.157129150390625000e+03 2.155269531250000000e+03 2.153195800781250000e+03 2.151552001953125000e+03 2.151230957031250000e+03 2.151124755859375000e+03 2.150371337890625000e+03 2.148091308593750000e+03
2.233231445312500000e+03 2.228789550781250000e+03 2.224199707031250000e+03 2.218504882812500000e+03 2.212498046875000000e+03 2.205730957031250000e+03 2.200448486328125000e+03 2.195932373046875000e+03 2.191234863281250000e+03 2.186254638671875000e+03 2.181376220703125000e+03 2.176654785156250000e+03 2.173113769531250000e+03 2.170882080078125000e+03 2.169548583984375000e+03 2.168203369140625000e+03 2.166185546875000000e+03 2.164552246093750000e+03 2.162948486328125000e+03 2.161418457031250000e+03 2.160238281250000000e+03 2.159189697265625000e+03 2.158155761718750000e+03 2.157596191406250000e+03 2.157210693359375000e+03 2.156416992187500000e+03 2.155230957031250000e+03 2.154100830078125000e+03 2.152990966796875000e+03 2.151842285156250000e+03 2.150334472656250000e+03 2.148662109375000000e+03 2.147065917968750000e+03 2.145704833984375000e+03 2.144358398437500000e+03 2.143373046875000000e+03 2.142285156250000000e+03
2.232875732421875000e+03 2.228581298828125000e+03 2.223850097656250000e+03 2.218817626953125000e+03 2.214013916015625000e+03 2.209513427734375000e+03 2.204908935546875000e+03 2.200018066406250000e+03 2.195622558593750000e+03 2.191336181640625000e+03 2.186617431640625000e+03 2.181877441406250000e+03 2.178003662109375000e+03 2.175263671875000000e+03 2.172725341796875000e+03 2.170048339843750000e+03 2.167585693359375000e+03 2.165450195312500000e+03 2.163647705078125000e+03 2.161682373046875000e+03 2.160768066406250000e+03 2.159789062500000000e+03 2.158170654296875000e+03 2.156746093750000000e+03 2.155359130859375000e+03 2.154235839843750000e+03 2.152969970703125000e+03 2.151595703125000000e+03 2.150346191406250000e+03 2.149119140625000000e+03 2.147786621093750000e+03 2.146733642578125000e+03 2.145569824218750000e+03 2.144433837890625000e+03 2.143340820312500000e+03 2.141851562500000000e+03 2.140758056640625000e+03
