spruce_watershed.txt
ncols 519
nrows 262
xllcorner 0.0
yllcorner 0.0
cellsize 10.0
[rows 119 to 135 of 262, columns 444 to 480 of 519]
1.867836181640625000e+03 1.872279663085937500e+03 1.869867797851562500e+03 1.865852050781250000e+03 1.862665771484375000e+03 1.858703247070312500e+03 1.854306396484375000e+03 1.850448852539062500e+03 1.846657592773437500e+03 1.842767456054687500e+03 1.841474243164062500e+03 1.843909545898437500e+03 1.846986450195312500e+03 1.848954467773437500e+03 1.848953369140625000e+03 1.847639892578125000e+03 1.846227050781250000e+03 1.844512329101562500e+03 1.841184204101562500e+03 1.838104736328125000e+03 1.836761718750000000e+03 1.838223388671875000e+03 1.839557861328125000e+03 1.840781372070312500e+03 1.841954223632812500e+03 1.843613525390625000e+03 1.845617187500000000e+03 1.847699340820312500e+03 1.849819335937500000e+03 1.852042968750000000e+03 1.854320800781250000e+03 1.856497192382812500e+03 1.858240966796875000e+03 1.859691040039062500e+03 1.861361206054687500e+03 1.862870483398437500e+03 1.864189819335937500e+03
1.864351318359375000e+03 1.870598999023437500e+03 1.870297119140625000e+03 1.866860229492187500e+03 1.863461059570312500e+03 1.859435546875000000e+03 1.854990478515625000e+03 1.850615234375000000e+03 1.846964111328125000e+03 1.844118652343750000e+03 1.840977172851562500e+03 1.839568115234375000e+03 1.842115112304687500e+03 1.845733764648437500e+03 1.846899414062500000e+03 1.845727294921875000e+03 1.844043334960937500e+03 1.842580078125000000e+03 1.840131225585937500e+03 1.837192749023437500e+03 1.834322631835937500e+03 1.834679443359375000e+03 1.836831909179687500e+03 1.838180541992187500e+03 1.839199829101562500e+03 1.840476806640625000e+03 1.842161865234375000e+03 1.844068725585937500e+03 1.846135620117187500e+03 1.848237426757812500e+03 1.850442871093750000e+03 1.852629638671875000e+03 1.854374877929687500e+03 1.855784667968750000e+03 1.857550659179687500e+03 1.859032714843750000e+03 1.860369384765625000e+03
1.861460815429687500e+03 1.868440307617187500e+03 1.869907470703125000e+03 1.867475097656250000e+03 1.863780883789062500e+03 1.860162353515625000e+03 1.855315185546875000e+03 1.850908203125000000e+03 1.847404907226562500e+03 1.844835693359375000e+03 1.842204467773437500e+03 1.838356445312500000e+03 1.837872070312500000e+03 1.844082275390625000e+03 1.845350708007812500e+03 1.843626220703125000e+03 1.841890991210937500e+03 1.839911743164062500e+03 1.837583129882812500e+03 1.835389526367187500e+03 1.832649047851562500e+03 1.831709228515625000e+03 1.833889282226562500e+03 1.834998901367187500e+03 1.835855957031250000e+03 1.836963012695312500e+03 1.838571655273437500e+03 1.840476440429687500e+03 1.842522705078125000e+03 1.844508789062500000e+03 1.846763793945312500e+03 1.848919189453125000e+03 1.850608276367187500e+03 1.852026367187500000e+03 1.853734619140625000e+03 1.855279907226562500e+03 1.856481933593750000e+03
1.856961547851562500e+03 1.863699951171875000e+03 1.868488647460937500e+03 1.867564575195312500e+03 1.864096313476562500e+03 1.860203125000000000e+03 1.855825317382812500e+03 1.851389892578125000e+03 1.847770874023437500e+03 1.844782592773437500e+03 1.842211303710937500e+03 1.838554077148437500e+03 1.834581542968750000e+03 1.836356445312500000e+03 1.840031860351562500e+03 1.840176269531250000e+03 1.839331665039062500e+03 1.837723999023437500e+03 1.835417846679687500e+03 1.833137817382812500e+03 1.830595092773437500e+03 1.829004638671875000e+03 1.830618286132812500e+03 1.831487915039062500e+03 1.832156372070312500e+03 1.833347167968750000e+03 1.835005859375000000e+03 1.837063720703125000e+03 1.839167724609375000e+03 1.841145507812500000e+03 1.843343627929687500e+03 1.845403198242187500e+03 1.847152587890625000e+03 1.848702636718750000e+03 1.850308959960937500e+03 1.851590820312500000e+03 1.852466186523437500e+03
1.853612915039062500e+03 1.858088989257812500e+03 1.865998901367187500e+03 1.866892578125000000e+03 1.864198120117187500e+03 1.860493041992187500e+03 1.856244628906250000e+03 1.851910888671875000e+03 1.847958984375000000e+03 1.844560668945312500e+03 1.841803466796875000e+03 1.838649780273437500e+03 1.834581542968750000e+03 1.830629150390625000e+03 1.830629150390625000e+03 1.833930908203125000e+03 1.836078002929687500e+03 1.835427856445312500e+03 1.833503662109375000e+03 1.831395629882812500e+03 1.829068481445312500e+03 1.826398681640625000e+03 1.826886596679687500e+03 1.827935546875000000e+03 1.828623291015625000e+03 1.829782592773437500e+03 1.831482055664062500e+03 1.833501708984375000e+03 1.835585937500000000e+03 1.837642944335937500e+03 1.839854614257812500e+03 1.842019287109375000e+03 1.843910888671875000e+03 1.845352172851562500e+03 1.846705078125000000e+03 1.847558105468750000e+03 1.848074829101562500e+03
1.851008911132812500e+03 1.854320190429687500e+03 1.860427368164062500e+03 1.865295532226562500e+03 1.864057128906250000e+03 1.860902709960937500e+03 1.856938720703125000e+03 1.852716308593750000e+03 1.848668701171875000e+03 1.845161010742187500e+03 1.842043457031250000e+03 1.839078857421875000e+03 1.835697021484375000e+03 1.831752685546875000e+03 1.828394775390625000e+03 1.828394775390625000e+03 1.830864990234375000e+03 1.832399047851562500e+03 1.831433227539062500e+03 1.829542968750000000e+03 1.827715209960937500e+03 1.824768188476562500e+03 1.823517089843750000e+03 1.824560180664062500e+03 1.825537109375000000e+03 1.826514770507812500e+03 1.828094238281250000e+03 1.829983642578125000e+03 1.831940429687500000e+03 1.833979736328125000e+03 1.836207885742187500e+03 1.838339233398437500e+03 1.840080688476562500e+03 1.841338867187500000e+03 1.842307006835937500e+03 1.842963256835937500e+03 1.843410522460937500e+03
1.848238159179687500e+03 1.851482421875000000e+03 1.855755615234375000e+03 1.861367309570312500e+03 1.863105224609375000e+03 1.861607910156250000e+03 1.857962402343750000e+03 1.854079589843750000e+03 1.850766967773437500e+03 1.847901123046875000e+03 1.844550292968750000e+03 1.840732666015625000e+03 1.837186523437500000e+03 1.833709960937500000e+03 1.830439941406250000e+03 1.827361450195312500e+03 1.825943725585937500e+03 1.827573242187500000e+03 1.829037109375000000e+03 1.827409423828125000e+03 1.825476928710937500e+03 1.823189819335937500e+03 1.821229614257812500e+03 1.822191772460937500e+03 1.823042358398437500e+03 1.823771362304687500e+03 1.825048339843750000e+03 1.826600341796875000e+03 1.828406127929687500e+03 1.830434570312500000e+03 1.832532104492187500e+03 1.834343017578125000e+03 1.835833007812500000e+03 1.836983886718750000e+03 1.837767211914062500e+03 1.838271972656250000e+03 1.838716430664062500e+03
1.845223754882812500e+03 1.848305175781250000e+03 1.851486450195312500e+03 1.855451416015625000e+03 1.859371215820312500e+03 1.860613281250000000e+03 1.858865356445312500e+03 1.856226074218750000e+03 1.854082641601562500e+03 1.851191650390625000e+03 1.847344116210937500e+03 1.843831787109375000e+03 1.840056640625000000e+03 1.837322387695312500e+03 1.835277099609375000e+03 1.831027587890625000e+03 1.825943725585937500e+03 1.822923950195312500e+03 1.824610839843750000e+03 1.824989990234375000e+03 1.822942382812500000e+03 1.820608398437500000e+03 1.819153808593750000e+03 1.820537719726562500e+03 1.821008666992187500e+03 1.821614746093750000e+03 1.822602294921875000e+03 1.823828247070312500e+03 1.825280395507812500e+03 1.827174560546875000e+03 1.828978271484375000e+03 1.830472412109375000e+03 1.831716308593750000e+03 1.832642700195312500e+03 1.833370605468750000e+03 1.833919921875000000e+03 1.834237915039062500e+03
1.841413818359375000e+03 1.844343261718750000e+03 1.847094360351562500e+03 1.850700805664062500e+03 1.855576293945312500e+03 1.858640625000000000e+03 1.859311279296875000e+03 1.858233276367187500e+03 1.856429077148437500e+03 1.853168701171875000e+03 1.849368041992187500e+03 1.846051147460937500e+03 1.842627441406250000e+03 1.840104248046875000e+03 1.837482055664062500e+03 1.833306762695312500e+03 1.828142333984375000e+03 1.822653686523437500e+03 1.820094116210937500e+03 1.820094116210937500e+03 1.820037353515625000e+03 1.817865234375000000e+03 1.817403686523437500e+03 1.818878051757812500e+03 1.819074951171875000e+03 1.819489624023437500e+03 1.820279418945312500e+03 1.820962646484375000e+03 1.822047485351562500e+03 1.823639404296875000e+03 1.825233276367187500e+03 1.826582031250000000e+03 1.827622314453125000e+03 1.828368286132812500e+03 1.829033813476562500e+03 1.829664428710937500e+03 1.829947509765625000e+03
1.836809448242187500e+03 1.839777221679687500e+03 1.842578247070312500e+03 1.845997070312500000e+03 1.851650390625000000e+03 1.856425415039062500e+03 1.859177978515625000e+03 1.859223510742187500e+03 1.857793823242187500e+03 1.854505126953125000e+03 1.850517333984375000e+03 1.846929687500000000e+03 1.843592407226562500e+03 1.840766845703125000e+03 1.837665893554687500e+03 1.833386352539062500e+03 1.829302490234375000e+03 1.825406738281250000e+03 1.821110473632812500e+03 1.817829223632812500e+03 1.816508178710937500e+03 1.815176757812500000e+03 1.814870727539062500e+03 1.815539916992187500e+03 1.815835571289062500e+03 1.816775878906250000e+03 1.817518676757812500e+03 1.817883789062500000e+03 1.818584838867187500e+03 1.819919433593750000e+03 1.821342285156250000e+03 1.822604125976562500e+03 1.823579956054687500e+03 1.824350952148437500e+03 1.825006713867187500e+03 1.825405639648437500e+03 1.825550537109375000e+03
1.832655029296875000e+03 1.835395629882812500e+03 1.838435546875000000e+03 1.841635253906250000e+03 1.847556640625000000e+03 1.853131713867187500e+03 1.856389770507812500e+03 1.858138061523437500e+03 1.857785522460937500e+03 1.855297363281250000e+03 1.851600585937500000e+03 1.848424194335937500e+03 1.845067260742187500e+03 1.841832397460937500e+03 1.838761352539062500e+03 1.835030151367187500e+03 1.832045654296875000e+03 1.828529052734375000e+03 1.824457153320312500e+03 1.821247314453125000e+03 1.818037353515625000e+03 1.815768432617187500e+03 1.814117797851562500e+03 1.812825683593750000e+03 1.812203247070312500e+03 1.813026489257812500e+03 1.814561035156250000e+03 1.815141601562500000e+03 1.815662841796875000e+03 1.816563354492187500e+03 1.817721557617187500e+03 1.818835083007812500e+03 1.819791259765625000e+03 1.820514770507812500e+03 1.821035644531250000e+03 1.821301269531250000e+03 1.821528320312500000e+03
1.829170532226562500e+03 1.831799926757812500e+03 1.834831542968750000e+03 1.837835205078125000e+03 1.842213134765625000e+03 1.848024047851562500e+03 1.852298706054687500e+03 1.855405761718750000e+03 1.857105957031250000e+03 1.856021972656250000e+03 1.852833740234375000e+03 1.849911254882812500e+03 1.846705932617187500e+03 1.843643310546875000e+03 1.840893554687500000e+03 1.837984375000000000e+03 1.834912963867187500e+03 1.831300903320312500e+03 1.827912475585937500e+03 1.824243896484375000e+03 1.820397827148437500e+03 1.817676025390625000e+03 1.815603881835937500e+03 1.813894531250000000e+03 1.812203247070312500e+03 1.810946411132812500e+03 1.811150390625000000e+03 1.812175170898437500e+03 1.813409423828125000e+03 1.814036865234375000e+03 1.814590209960937500e+03 1.815409790039062500e+03 1.816210937500000000e+03 1.816828491210937500e+03 1.817218994140625000e+03 1.817717407226562500e+03 1.818291870117187500e+03
1.825779541015625000e+03 1.828711425781250000e+03 1.831739624023437500e+03 1.834820800781250000e+03 1.838196289062500000e+03 1.843648437500000000e+03 1.849476196289062500e+03 1.852937744140625000e+03 1.855402954101562500e+03 1.855689697265625000e+03 1.853807861328125000e+03 1.851292114257812500e+03 1.848491821289062500e+03 1.845597656250000000e+03 1.843236816406250000e+03 1.840785888671875000e+03 1.837706054687500000e+03 1.834412963867187500e+03 1.830692260742187500e+03 1.826082153320312500e+03 1.821877441406250000e+03 1.818746948242187500e+03 1.816252929687500000e+03 1.814253173828125000e+03 1.812623413085937500e+03 1.810946411132812500e+03 1.809288574218750000e+03 1.809524047851562500e+03 1.811456054687500000e+03 1.812434814453125000e+03 1.812463012695312500e+03 1.812597290039062500e+03 1.812999877929687500e+03 1.813359497070312500e+03 1.813864746093750000e+03 1.814555297851562500e+03 1.815248046875000000e+03
1.822169067382812500e+03 1.825559082031250000e+03 1.828437622070312500e+03 1.831138183593750000e+03 1.833855102539062500e+03 1.837914306640625000e+03 1.843594970703125000e+03 1.847998291015625000e+03 1.851571166992187500e+03 1.853745849609375000e+03 1.853660400390625000e+03 1.851809326171875000e+03 1.849387939453125000e+03 1.846928710937500000e+03 1.845008789062500000e+03 1.843070190429687500e+03 1.839918579101562500e+03 1.836725585937500000e+03 1.832653686523437500e+03 1.827849609375000000e+03 1.823221923828125000e+03 1.819795898437500000e+03 1.816946044921875000e+03 1.814421508789062500e+03 1.812279907226562500e+03 1.810504638671875000e+03 1.808782470703125000e+03 1.808133178710937500e+03 1.809992309570312500e+03 1.810863403320312500e+03 1.811086669921875000e+03 1.810929687500000000e+03 1.810844116210937500e+03 1.810829101562500000e+03 1.811015502929687500e+03 1.811446166992187500e+03 1.812043823242187500e+03
1.818611572265625000e+03 1.821673950195312500e+03 1.824259765625000000e+03 1.826662841796875000e+03 1.829269409179687500e+03 1.832512695312500000e+03 1.836336059570312500e+03 1.842087890625000000e+03 1.847735595703125000e+03 1.850826171875000000e+03 1.851802124023437500e+03 1.850877563476562500e+03 1.848951660156250000e+03 1.846888427734375000e+03 1.845644653320312500e+03 1.844289184570312500e+03 1.841108520507812500e+03 1.837550292968750000e+03 1.833670898437500000e+03 1.829104125976562500e+03 1.824569213867187500e+03 1.820882934570312500e+03 1.817730224609375000e+03 1.814904174804687500e+03 1.812460083007812500e+03 1.810168823242187500e+03 1.808035156250000000e+03 1.806730834960937500e+03 1.807835937500000000e+03 1.808827270507812500e+03 1.809543457031250000e+03 1.809622924804687500e+03 1.809399047851562500e+03 1.809192993164062500e+03 1.808977294921875000e+03 1.808867065429687500e+03 1.809050292968750000e+03
1.815402709960937500e+03 1.817506591796875000e+03 1.819587524414062500e+03 1.821490112304687500e+03 1.823991088867187500e+03 1.827009399414062500e+03 1.830282348632812500e+03 1.835629638671875000e+03 1.842760986328125000e+03 1.845804931640625000e+03 1.848109741210937500e+03 1.848640869140625000e+03 1.847470336914062500e+03 1.845854003906250000e+03 1.844795288085937500e+03 1.844142211914062500e+03 1.841527709960937500e+03 1.837743164062500000e+03 1.834202148437500000e+03 1.830105712890625000e+03 1.825625000000000000e+03 1.821692138671875000e+03 1.818287109375000000e+03 1.815340087890625000e+03 1.812775146484375000e+03 1.810621093750000000e+03 1.808532226562500000e+03 1.806366943359375000e+03 1.805381469726562500e+03 1.806381958007812500e+03 1.807778930664062500e+03 1.808223632812500000e+03 1.808050659179687500e+03 1.807921142578125000e+03 1.807636230468750000e+03 1.807247314453125000e+03 1.807036376953125000e+03
1.812961914062500000e+03 1.814083618164062500e+03 1.815325683593750000e+03 1.816715332031250000e+03 1.818737792968750000e+03 1.821403930664062500e+03 1.824591064453125000e+03 1.828311401367187500e+03 1.833446411132812500e+03 1.838702880859375000e+03 1.843035766601562500e+03 1.845301635742187500e+03 1.845428466796875000e+03 1.844396972656250000e+03 1.843040771484375000e+03 1.842585449218750000e+03 1.841427001953125000e+03 1.838009399414062500e+03 1.834604370117187500e+03 1.830709838867187500e+03 1.826500488281250000e+03 1.822360473632812500e+03 1.818720581054687500e+03 1.815588623046875000e+03 1.812894042968750000e+03 1.810742187500000000e+03 1.808734741210937500e+03 1.806768798828125000e+03 1.804488525390625000e+03 1.804057128906250000e+03 1.805591064453125000e+03 1.806553466796875000e+03 1.806598266601562500e+03 1.806606445312500000e+03 1.806425903320312500e+03 1.806024414062500000e+03 1.805635375976562500e+03
